group_invariance_1b: [0.9675496688741722, 0.8225165562913908, 0.509271523178808, 0.895364238410596, 0.9238410596026491, 0.2152317880794702, 0.7403973509933774, 0.785430463576159, 0.9543046357615894, 0.828476821192053]
group_invariance_1b: [0.24304635761589405, 0.9298013245033112, 0.6927152317880795, 0.9079470198675497, 0.9079470198675497, 0.909271523178808, 0.4589403973509934, 0.9582781456953643, 0.7066225165562914, 0.9596026490066225]